structure(list(Date = structure(c(1712880000, 1712880000, 1712880000, 
1712880000, 1712880000, 1712880000, 1712880000, 1712880000, 1712880000, 
1712880000, 1712880000, 1712880000, 1712880000, 1712880000, 1712880000, 
1712880000, 1712880000, 1712880000, 1712880000, 1712880000, 1712880000, 
1712880000, 1712880000, 1712880000, 1712880000, 1712880000, 1712880000, 
1712880000, 1712880000, 1712880000, 1712880000, 1712880000, 1712880000, 
1712880000, 1712880000, 1712880000, 1712880000, 1712880000, 1712880000, 
1712880000, 1714089600, 1714089600, 1714089600, 1714089600, 1714089600, 
1714089600, 1714089600, 1714089600, 1714089600, 1714089600, 1714089600, 
1714089600, 1714089600, 1714089600, 1714089600, 1714089600, 1714089600, 
1714089600, 1714089600, 1714089600, 1714089600, 1714089600, 1714089600, 
1714089600, 1714089600, 1714089600, 1714089600, 1714089600, 1714089600, 
1714089600, 1714089600, 1714089600, 1714089600, 1714089600, 1714089600, 
1714089600, 1714089600, 1714089600, 1714089600, 1714089600, 1715299200, 
1715299200, 1715299200, 1715299200, 1715299200, 1715299200, 1715299200, 
1715299200, 1715299200, 1715299200, 1715299200, 1715299200, 1715299200, 
1715299200, 1715299200, 1715299200, 1715299200, 1715299200, 1715299200, 
1715299200, 1715299200, 1715299200, 1715299200, 1715299200, 1715299200, 
1715299200, 1715299200, 1715299200, 1715299200, 1715299200, 1715299200, 
1715299200, 1715299200, 1715299200, 1715299200, 1715299200, 1715299200, 
1715299200, 1715299200, 1715299200, 1716508800, 1716508800, 1716508800, 
1716508800, 1716508800, 1716508800, 1716508800, 1716508800, 1716508800, 
1716508800, 1716508800, 1716508800, 1716508800, 1716508800, 1716508800, 
1716508800, 1716508800, 1716508800, 1716508800, 1716508800, 1716508800, 
1716508800, 1716508800, 1716508800, 1716508800, 1716508800, 1716508800, 
1716508800, 1716508800, 1716508800, 1716508800, 1716508800, 1716508800, 
1716508800, 1716508800, 1716508800, 1716508800, 1716508800, 1716508800, 
1716508800, 1717718400, 1717718400, 1717718400, 1717718400, 1717718400, 
1717718400, 1717718400, 1717718400, 1717718400, 1717718400, 1717718400, 
1717718400, 1717718400, 1717718400, 1717718400, 1717718400, 1717718400, 
1717718400, 1717718400, 1717718400, 1717718400, 1717718400, 1717718400, 
1717718400, 1717718400, 1717718400, 1717718400, 1717718400, 1717718400, 
1717718400, 1717718400, 1717718400, 1717718400, 1717718400, 1717718400, 
1717718400, 1717718400, 1717718400, 1717718400, 1717718400, 1718928000, 
1718928000, 1718928000, 1718928000, 1718928000, 1718928000, 1718928000, 
1718928000, 1718928000, 1718928000, 1718928000, 1718928000, 1718928000, 
1718928000, 1718928000, 1718928000, 1718928000, 1718928000, 1718928000, 
1718928000, 1718928000, 1718928000, 1718928000, 1718928000, 1718928000, 
1718928000, 1718928000, 1718928000, 1718928000, 1718928000, 1718928000, 
1718928000, 1718928000, 1718928000, 1718928000, 1718928000, 1718928000, 
1718928000, 1718928000, 1718928000, 1720137600, 1720137600, 1720137600, 
1720137600, 1720137600, 1720137600, 1720137600, 1720137600, 1720137600, 
1720137600, 1720137600, 1720137600, 1720137600, 1720137600, 1720137600, 
1720137600, 1720137600, 1720137600, 1720137600, 1720137600, 1720137600, 
1720137600, 1720137600, 1720137600, 1720137600, 1720137600, 1720137600, 
1720137600, 1720137600, 1720137600, 1720137600, 1720137600, 1720137600, 
1720137600, 1720137600, 1720137600, 1720137600, 1720137600, 1720137600, 
1720137600, 1721347200, 1721347200, 1721347200, 1721347200, 1721347200, 
1721347200, 1721347200, 1721347200, 1721347200, 1721347200, 1721347200, 
1721347200, 1721347200, 1721347200, 1721347200, 1721347200, 1721347200, 
1721347200, 1721347200, 1721347200, 1721347200, 1721347200, 1721347200, 
1721347200, 1721347200, 1721347200, 1721347200, 1721347200, 1721347200, 
1721347200, 1721347200, 1721347200, 1721347200, 1721347200, 1721347200, 
1721347200, 1721347200, 1721347200, 1721347200, 1721347200, 1722556800, 
1722556800, 1722556800, 1722556800, 1722556800, 1722556800, 1722556800, 
1722556800, 1722556800, 1722556800, 1722556800, 1722556800, 1722556800, 
1722556800, 1722556800, 1722556800, 1722556800, 1722556800, 1722556800, 
1722556800, 1722556800, 1722556800, 1722556800, 1722556800, 1722556800, 
1722556800, 1722556800, 1722556800, 1722556800, 1722556800, 1722556800, 
1722556800, 1722556800, 1722556800, 1722556800, 1722556800, 1722556800, 
1722556800, 1722556800, 1722556800), class = c("POSIXct", "POSIXt"
), tzone = "UTC"), Week = c(2, 2, 2, 2, 2, 2, 2, 2, 2, 2, 2, 
2, 2, 2, 2, 2, 2, 2, 2, 2, 2, 2, 2, 2, 2, 2, 2, 2, 2, 2, 2, 2, 
2, 2, 2, 2, 2, 2, 2, 2, 4, 4, 4, 4, 4, 4, 4, 4, 4, 4, 4, 4, 4, 
4, 4, 4, 4, 4, 4, 4, 4, 4, 4, 4, 4, 4, 4, 4, 4, 4, 4, 4, 4, 4, 
4, 4, 4, 4, 4, 4, 6, 6, 6, 6, 6, 6, 6, 6, 6, 6, 6, 6, 6, 6, 6, 
6, 6, 6, 6, 6, 6, 6, 6, 6, 6, 6, 6, 6, 6, 6, 6, 6, 6, 6, 6, 6, 
6, 6, 6, 6, 8, 8, 8, 8, 8, 8, 8, 8, 8, 8, 8, 8, 8, 8, 8, 8, 8, 
8, 8, 8, 8, 8, 8, 8, 8, 8, 8, 8, 8, 8, 8, 8, 8, 8, 8, 8, 8, 8, 
8, 8, 10, 10, 10, 10, 10, 10, 10, 10, 10, 10, 10, 10, 10, 10, 
10, 10, 10, 10, 10, 10, 10, 10, 10, 10, 10, 10, 10, 10, 10, 10, 
10, 10, 10, 10, 10, 10, 10, 10, 10, 10, 12, 12, 12, 12, 12, 12, 
12, 12, 12, 12, 12, 12, 12, 12, 12, 12, 12, 12, 12, 12, 12, 12, 
12, 12, 12, 12, 12, 12, 12, 12, 12, 12, 12, 12, 12, 12, 12, 12, 
12, 12, 14, 14, 14, 14, 14, 14, 14, 14, 14, 14, 14, 14, 14, 14, 
14, 14, 14, 14, 14, 14, 14, 14, 14, 14, 14, 14, 14, 14, 14, 14, 
14, 14, 14, 14, 14, 14, 14, 14, 14, 14, 16, 16, 16, 16, 16, 16, 
16, 16, 16, 16, 16, 16, 16, 16, 16, 16, 16, 16, 16, 16, 16, 16, 
16, 16, 16, 16, 16, 16, 16, 16, 16, 16, 16, 16, 16, 16, 16, 16, 
16, 16, 18, 18, 18, 18, 18, 18, 18, 18, 18, 18, 18, 18, 18, 18, 
18, 18, 18, 18, 18, 18, 18, 18, 18, 18, 18, 18, 18, 18, 18, 18, 
18, 18, 18, 18, 18, 18, 18, 18, 18, 18),